%YAML:1.0
---
camera_matrix: !!opencv-matrix
   rows: 3
   cols: 3
   dt: d
   data: [ 9.3288836104797008e+02, 0., 4.0175878197011951e+02, 0.,
       7.4929890257951536e+02, 8.9203044540558750e+01, 0., 0., 1. ]
distortion_coefficients: !!opencv-matrix
   rows: 1
   cols: 5
   dt: d
   data: [ -7.7231480811132835e-01, 3.2124101929938438e+00,
       1.5931050749721770e-01, 6.2887479559765605e-02,
       -1.3726823011317823e+01 ]
reprojection_error: 5.2768364702803003e+00
