%YAML:1.0
---
camera_matrix: !!opencv-matrix
   rows: 3
   cols: 3
   dt: d
   data: [ 4.8180750573255659e+02, 0., 3.2029517809300484e+02, 0.,
       4.8047092985309769e+02, 2.4373954321893063e+02, 0., 0., 1. ]
distortion_coefficients: !!opencv-matrix
   rows: 1
   cols: 5
   dt: d
   data: [ 4.1554483150622323e-02, -1.9454977512187208e-01,
       2.1955483865771074e-03, 3.2832644817117609e-03,
       2.8913867323462439e-01 ]
reprojection_error: 8.4470062040440863e-01
